# Extract from  Table II from 10.3847/1538-4365/ab8bd9
# Energy values are in units of 10^50 erg with upper and lower errors
1.27 1.45 0.84
7.7 2.9 2.2
0.28 0.54 0.07
6.3 5.8 3.7
8.3 4.1 2.5
1.82 0.98 0.79
1.79 0.73 0.59
1.40 1.42 0.81
3.6 1.8 1.3
2.60 0.60 0.51
1.98 0.55 0.47
3.83 0.85 0.48
61 48 32
2.2 1.1 1.1
17 17 11
1.34 0.45 0.41
4.6 7.6 3.8
6.9 3.9 2.5
6.8 1.6 1.5
0.74 1.40 0.45
4.6 5.3 2.8
10.2 7.2 4.8
0.44 0.22 0.15
3.4 2.8 2.5
1.07 2.01 0.68
8.5 2.0 1.8
1.40 3.65 0.89
3.0 2.3 1.6
1.5 2.8 1.3
2.0 13.3 1.2
0.83 0.55 0.22
27 18 13
0.67 0.64 0.37
0.55 1.55 0.42
10.6 12.4 4.8
0.73 0.80 0.22
8.8 7.0 4.7
29 13 9
1.50 0.74 0.55
0.60 0.34 0.17
2.44 0.81 0.64
4.9 6.5 3.0
0.84 0.73 0.41