# Energy [TeV] Flux [(TeV−1 cm−2 s−1 sr−1)]
# [0] Energy [1] Flux [2] Stat error [3] Syst error
3.229999999999999982e+00 8.720000000000000002e-12 1.429999999999999965e-12 2.199999999999999915e-12
5.360000000000000320e+00 1.999999999999999960e-12 3.599999999999999806e-13 1.300000000000000014e-13
9.910000000000000142e+00 3.579999999999999892e-13 8.999999999999999516e-14 4.400000000000000184e-14
2.058999999999999986e+01 4.760000000000000039e-14 1.649999999999999911e-14 1.440000000000000049e-14
3.162000000000000099e+01 2.029999999999999933e-14 3.299999999999999980e-15 2.199999999999999855e-15
5.011999999999999744e+01 4.659999999999999991e-15 7.600000000000000236e-16 5.100000000000000041e-16
7.943000000000000682e+01 7.809999999999999704e-16 2.089999999999999942e-16 1.179999999999999946e-16
1.258900000000000006e+02 2.640000000000000004e-16 5.200000000000000064e-17 4.000000000000000286e-17
1.995300000000000011e+02 8.600000000000000461e-17 1.590000000000000014e-17 2.990000000000000268e-17
3.162300000000000182e+02 2.349999999999999976e-17 5.399999999999999770e-18 8.199999999999999508e-18
5.011899999999999977e+02 4.669999999999999803e-18 1.909999999999999852e-18 1.639999999999999940e-18
7.943300000000000409e+02 1.449999999999999988e-18 6.899999999999999877e-19 7.999999999999999802e-19
