# Energy [TeV] Flux [(TeV−1 cm−2 s−1 sr−1)]
# [0] Energy [1] Flux [2] Stat error [3] Syst error
1.199999999999999956e+00 2.070000000000000090e-10 2.700000000000000047e-11 4.899999999999999881e-11
2.029999999999999805e+00 6.840000000000000420e-11 4.699999999999999764e-12 6.000000000000000283e-12
3.540000000000000036e+00 1.570000000000000136e-11 1.400000000000000093e-12 1.099999999999999958e-12
5.809999999999999609e+00 3.350000000000000064e-12 3.699999999999999885e-13 4.500000000000000010e-13
1.055000000000000071e+01 7.520000000000000269e-13 9.899999999999999468e-14 9.899999999999999468e-14
2.153000000000000114e+01 1.009999999999999988e-13 1.999999999999999998e-14 1.499999999999999919e-14
3.162000000000000099e+01 4.209999999999999858e-14 4.399999999999999711e-15 4.899999999999999947e-15
5.011999999999999744e+01 9.900000000000000730e-15 9.699999999999999847e-16 1.570000000000000071e-15
7.943000000000000682e+01 2.349999999999999926e-15 2.699999999999999993e-16 3.400000000000000028e-16
1.258900000000000006e+02 5.189999999999999532e-16 6.700000000000000402e-17 7.300000000000000291e-17
1.995300000000000011e+02 1.409999999999999985e-16 2.099999999999999919e-17 1.199999999999999932e-17
3.162300000000000182e+02 3.359999999999999994e-17 7.200000000000000207e-18 5.000000000000000358e-18
5.011899999999999977e+02 6.480000000000000186e-18 2.479999999999999900e-18 1.839999999999999839e-18
7.943300000000000409e+02 2.170000000000000009e-18 9.199999999999999194e-19 1.099999999999999925e-18
